MSE: 1322.871238040841
RMSE: 36.371296897977686
R2: 0.8203805522788126
Train_R2: 0.8222909177887465
